0   0
0   766
588   0
588   766
360   295
235   299
382   302
334   303
262   304
214   301
319   392
281   390
304   376
262   381
338   378
359   408
243   409
350   439
250   442
300   462
302   438
319   432
285   432
326   455
273   457
328   280
379   259
413   285
272   278
210   265
182   296
214   283
383   279
359   321
231   322
315   331
286   331
438   331
434   361
426   403
417   447
394   478
370   500
341   522
305   523
270   524
237   506
206   479
178   453
170   426
164   400
155   356
149   327
154   280
165   223
178   177
198   151
231   149
265   147
299   151
335   143
377   143
399   157
414   187
422   223
435   256
434   292
450   399
461   375
470   343
472   293
450   304
148   404
131   379
124   355
113   324
114   296
138   306
125   275
123   244
128   210
137   173
153   137
177   109
207   91
242   72
280   67
306   67
348   75
378   84
406   111
430   139
446   167
457   202
464   228
463   259
461   283
412   497
392   541
362   572
340   594
312   613
280   599
245   575
214   550
198   529
186   504
343   629
366   653
403   697
413   642
419   599
426   551
262   645
238   684
214   715
201   671
193   631
184   592
177   555
178   519
142   559
106   577
56   597
19   611
441   527
480   551
516   565
556   579
343   665
288   666
334   686
305   690
294   728
346   728
283   753
354   754
216   747
398   747
500   579
540   616
501   653
563   683
555   723
545   750
94   613
63   643
111   675
50   713
58   737
65   756
491   715
393   766
586   591
0   619
220   765
66   766
537   766