0   0
0   766
588   0
588   766
369   276
250   275
397   283
341   280
274   281
225   280
323   359
291   362
303   342
270   356
339   350
366   379
245   379
361   415
253   414
309   434
305   410
319   407
289   405
334   427
284   429
329   260
388   241
419   259
290   262
235   239
199   271
228   255
389   255
365   303
242   299
320   304
291   305
449   314
448   343
445   378
429   429
407   458
380   476
345   495
308   500
275   499
243   480
214   455
195   430
184   398
179   370
177   329
179   303
181   263
203   211
192   176
213   146
249   146
285   146
316   145
345   135
382   123
418   142
436   176
424   200
437   234
444   272
457   368
466   351
475   327
481   283
461   290
174   361
169   343
162   323
152   301
154   274
169   284
156   255
150   226
149   194
153   159
167   124
185   91
213   67
245   55
281   43
314   39
347   42
378   50
409   63
441   87
465   121
479   155
485   195
482   227
478   257
401   489
385   527
360   547
337   563
313   574
287   556
263   536
241   512
217   487
203   446
340   587
357   614
372   666
395   630
401   590
407   550
275   596
249   624
226   651
209   611
201   575
192   536
182   495
192   456
150   485
119   503
72   516
29   529
436   534
481   559
521   579
557   597
337   627
292   623
329   653
296   656
281   701
345   706
279   743
352   746
225   690
386   691
466   564
487   593
469   626
524   662
509   711
497   746
93   530
77   562
118   599
63   629
93   687
113   739
472   688
375   764
588   617
2   537
242   765
127   763
487   765